<?xml version="1.0" standalone="no"?>
<!DOCTYPE svg PUBLIC "-//W3C//DTD SVG 20010904//EN"
 "http://www.w3.org/TR/2001/REC-SVG-20010904/DTD/svg10.dtd">
<svg version="1.0" xmlns="http://www.w3.org/2000/svg"
 width="171.000000pt" height="139.000000pt" viewBox="0 0 171.000000 139.000000"
 preserveAspectRatio="xMidYMid meet">

<g transform="translate(0.000000,139.000000) scale(0.100000,-0.100000)"
fill="#000000" stroke="none">
<path d="M620 1293 c-99 -34 -170 -107 -262 -268 -22 -38 -55 -96 -74 -127
-110 -182 -155 -334 -197 -663 -27 -207 -27 -204 -7 -215 12 -6 304 -10 794
-10 902 0 803 -17 786 132 -47 413 -94 566 -234 778 -103 154 -114 165 -167
161 -29 -2 -103 -77 -139 -140 -19 -33 -38 -61 -41 -61 -3 0 -28 59 -54 131
-54 146 -87 204 -137 242 -73 56 -178 72 -268 40z m208 -63 c56 -32 99 -97
137 -206 37 -109 116 -317 142 -377 20 -45 64 -71 138 -82 33 -4 59 -15 77
-32 23 -22 30 -24 42 -13 35 29 -22 76 -123 100 -73 18 -85 31 -121 132 l-19
53 42 79 c38 72 106 146 134 146 12 0 152 -207 187 -275 37 -74 63 -146 81
-222 20 -87 65 -386 65 -435 l0 -38 -149 0 -149 0 -58 98 c-72 121 -96 145
-166 167 -47 15 -65 16 -110 7 -29 -6 -56 -7 -60 -4 -3 4 -27 65 -53 137 -25
72 -54 150 -64 175 -10 25 -31 83 -46 130 -31 96 -47 119 -68 102 -7 -6 -38
-94 -67 -194 -29 -101 -56 -186 -60 -190 -3 -5 -18 36 -33 89 -49 172 -64 168
-128 -37 -27 -85 -47 -164 -44 -176 4 -18 -3 -21 -62 -31 -76 -13 -95 -26 -72
-48 12 -13 25 -13 68 -5 76 14 104 -1 200 -111 44 -51 81 -97 81 -101 0 -4
-102 -8 -226 -8 l-226 0 7 53 c37 306 76 507 116 596 42 97 220 391 268 444
38 43 106 86 154 98 48 12 123 2 165 -21z m-100 -529 c11 -38 49 -146 83 -241
l61 -173 -113 -113 -114 -114 -28 132 c-34 164 -31 198 28 388 24 80 45 155
45 168 0 42 16 22 38 -47z m-220 -261 c36 -130 65 -270 57 -278 -3 -3 -6 -3
-8 -1 -1 2 -16 23 -32 47 -16 24 -51 63 -78 88 l-49 44 33 115 c18 63 36 112
39 107 4 -4 21 -59 38 -122z m603 -183 c29 -19 129 -166 129 -189 0 -5 -115
-8 -255 -8 -140 0 -255 2 -255 4 0 7 174 179 200 198 38 27 137 25 181 -5z"/>
</g>
</svg>
